[([1.0, 9508.0, 104.0, 1882.0, 1950.0, 219.0, 10.0, 120.0, 3143.0, 1435.0], [array([[1., 0.],
       [0., 1.]]), array([[ 0.00483809, -0.01367277],
       [ 0.01367277,  0.00483809]]), array([[ 0.03846305, -0.19231131],
       [ 0.19231131,  0.03846305]]), array([[ 0.01062701, -0.0308183 ],
       [ 0.0308183 ,  0.01062701]]), array([[ 0.01846154, -0.05230769],
       [ 0.05230769,  0.01846154]]), array([[ 0.04109512, -0.10958816],
       [ 0.10958816,  0.04109512]]), array([[ 0. ,  0.5],
       [-0.5, -0. ]]), array([[ 0.1000019 , -0.30000253],
       [ 0.30000253,  0.1000019 ]]), array([[ 0.01559012, -0.04454332],
       [ 0.04454332,  0.01559012]]), array([[ 0.01463434, -0.06829311],
       [ 0.06829311,  0.01463434]])], [[1 1]
[0 1], [ 2991  1058]
[-8450 -2989], [  21    4]
[-100  -19], [  581   200]
[-1682  -579], [  613   216]
[-1734  -611], [  73   27]
[-192  -71], [  1   0]
[-10   1], [  37   12]
[-108  -35], [  981   343]
[-2800  -979], [  295    63]
[-1372  -293]], [array([[1],
       [0]]), array([[ 1.        ],
       [-2.82608696]]), array([[ 1],
       [-5]]), array([[ 1. ],
       [-2.9]]), array([[ 1.        ],
       [-2.83333333]]), array([[ 1.        ],
       [-2.66666667]]), array([[0],
       [1]]), array([[ 1],
       [-3]]), array([[ 1.        ],
       [-2.85714286]]), array([[ 1.        ],
       [-4.66666667]])]), ([1.0, 130.0, 2260.0, 106.0, 636.0, 4551.0, 10.0, 156.0, 35.0, 119.0], [array([[1., 0.],
       [0., 1.]]), array([[ 0.061539  , -0.10769262],
       [ 0.10769262,  0.061539  ]]), array([[ 0.01061926, -0.0407076 ],
       [ 0.0407076 ,  0.01061926]]), array([[ 0.03773585, -0.13207547],
       [ 0.13207547,  0.03773585]]), array([[ 0.04716915, -0.08490525],
       [ 0.08490525,  0.04716915]]), array([[ 0.01252474, -0.02241267],
       [ 0.02241267,  0.01252474]]), array([[ 0. ,  0.5],
       [-0.5, -0. ]]), array([[ 0.15384615, -0.23076923],
       [ 0.23076923,  0.15384615]]), array([[ 0.19999642, -0.39999732],
       [ 0.39999732,  0.19999642]]), array([[ 0.05882581, -0.2352984 ],
       [ 0.2352984 ,  0.05882581]])], [[1 1]
[0 1], [ 57  32]
[-98 -55], [  553   144]
[-2116  -551], [ 29   8]
[-98 -27], [ 271  150]
[-486 -269], [ 1939  1083]
[-3468 -1937], [  1   0]
[-10   1], [  73   48]
[-108  -71], [ 15   7]
[-28 -13], [  29    7]
[-112  -27]], [array([[1],
       [0]]), array([[ 1.  ],
       [-1.75]]), array([[ 1.        ],
       [-3.83333333]]), array([[ 1. ],
       [-3.5]]), array([[ 1. ],
       [-1.8]]), array([[ 1.        ],
       [-1.78947368]]), array([[0],
       [1]]), array([[ 1. ],
       [-1.5]]), array([[ 1],
       [-2]]), array([[ 1],
       [-4]])]), ([1.0, 9508.0, 104.0, 1882.0, 1950.0, 663.0, 10.0, 120.0, 3143.0, 5299.0], [array([[1., 0.],
       [0., 1.]]), array([[ 0.00483809, -0.01367277],
       [ 0.01367277,  0.00483809]]), array([[ 0.03846305, -0.19231131],
       [ 0.19231131,  0.03846305]]), array([[ 0.01062701, -0.0308183 ],
       [ 0.0308183 ,  0.01062701]]), array([[ 0.01846154, -0.05230769],
       [ 0.05230769,  0.01846154]]), array([[ 0.02262495, -0.06334904],
       [ 0.06334904,  0.02262495]]), array([[ 0. ,  0.5],
       [-0.5, -0. ]]), array([[ 0.1000019 , -0.30000253],
       [ 0.30000253,  0.1000019 ]]), array([[ 0.01559012, -0.04454332],
       [ 0.04454332,  0.01559012]]), array([[ 0.01188891, -0.03434594],
       [ 0.03434594,  0.01188891]])], [[1 1]
[0 1], [ 2991  1058]
[-8450 -2989], [  21    4]
[-100  -19], [  581   200]
[-1682  -579], [  613   216]
[-1734  -611], [ 211   75]
[-588 -209], [  1   0]
[-10   1], [  37   12]
[-108  -35], [  981   343]
[-2800  -979], [ 1639   567]
[-4732 -1637]], [array([[1],
       [0]]), array([[ 1.        ],
       [-2.82608696]]), array([[ 1],
       [-5]]), array([[ 1. ],
       [-2.9]]), array([[ 1.        ],
       [-2.83333333]]), array([[ 1. ],
       [-2.8]]), array([[0],
       [1]]), array([[ 1],
       [-3]]), array([[ 1.        ],
       [-2.85714286]]), array([[ 1.        ],
       [-2.88888889]])]), ([1.0, 130.0, 104.0, 24436.0, 636.0, 1563.0, 10.0, 1884.0, 35.0, 67235.0], [array([[1., 0.],
       [0., 1.]]), array([[ 0.061539  , -0.10769262],
       [ 0.10769262,  0.061539  ]]), array([[ 0.03846305, -0.19231131],
       [ 0.19231131,  0.03846305]]), array([[ 0.00433792, -0.00793914],
       [ 0.00793914,  0.00433792]]), array([[ 0.04716915, -0.08490525],
       [ 0.08490525,  0.04716915]]), array([[ 0.02111318, -0.03838767],
       [ 0.03838767,  0.02111318]]), array([[ 0. ,  0.5],
       [-0.5, -0. ]]), array([[ 0.038216  , -0.07006333],
       [ 0.07006333,  0.038216  ]]), array([[ 0.19999642, -0.39999732],
       [ 0.39999732,  0.19999642]]), array([[ 0.00489329, -0.00895368],
       [ 0.00895368,  0.00489329]])], [[1 1]
[0 1], [ 57  32]
[-98 -55], [  21    4]
[-100  -19], [ 10283   5618]
[-18818 -10281], [ 271  150]
[-486 -269], [  661   363]
[-1200  -659], [  1   0]
[-10   1], [  793   432]
[-1452  -791], [ 15   7]
[-28 -13], [ 28295  15463]
[-51772 -28293]], [array([[1],
       [0]]), array([[ 1.  ],
       [-1.75]]), array([[ 1],
       [-5]]), array([[ 1.        ],
       [-1.83018868]]), array([[ 1. ],
       [-1.8]]), array([[ 1.        ],
       [-1.81818182]]), array([[0],
       [1]]), array([[ 1.        ],
       [-1.83333333]]), array([[ 1],
       [-2]]), array([[ 1.        ],
       [-1.82978723]])]), ([1.0, 3076.0, 2260.0, 1882.0, 174.0, 663.0, 10.0, 120.0, 3143.0, 119.0], [array([[1., 0.],
       [0., 1.]]), array([[ 0.00845272, -0.02405745],
       [ 0.02405745,  0.00845272]]), array([[ 0.01061926, -0.0407076 ],
       [ 0.0407076 ,  0.01061926]]), array([[ 0.01062701, -0.0308183 ],
       [ 0.0308183 ,  0.01062701]]), array([[ 0.06896488, -0.17241312],
       [ 0.17241312,  0.06896488]]), array([[ 0.02262495, -0.06334904],
       [ 0.06334904,  0.02262495]]), array([[ 0. ,  0.5],
       [-0.5, -0. ]]), array([[ 0.1000019 , -0.30000253],
       [ 0.30000253,  0.1000019 ]]), array([[ 0.01559012, -0.04454332],
       [ 0.04454332,  0.01559012]]), array([[ 0.05882581, -0.2352984 ],
       [ 0.2352984 ,  0.05882581]])], [[1 1]
[0 1], [  963   338]
[-2738  -961], [  553   144]
[-2116  -551], [  581   200]
[-1682  -579], [  61   24]
[-150  -59], [ 211   75]
[-588 -209], [  1   0]
[-10   1], [  37   12]
[-108  -35], [  981   343]
[-2800  -979], [  29    7]
[-112  -27]], [array([[1],
       [0]]), array([[ 1.        ],
       [-2.84615385]]), array([[ 1.        ],
       [-3.83333333]]), array([[ 1. ],
       [-2.9]]), array([[ 1. ],
       [-2.5]]), array([[ 1. ],
       [-2.8]]), array([[0],
       [1]]), array([[ 1],
       [-3]]), array([[ 1.        ],
       [-2.85714286]]), array([[ 1],
       [-4]])]), ([1.0, 1076.0, 104.0, 1732.0, 1374.0, 219.0, 10.0, 120.0, 455.0, 259.0], [array([[1., 0.],
       [0., 1.]]), array([[ 0.00557628, -0.04275121],
       [ 0.04275121,  0.00557628]]), array([[ 0.03846305, -0.19231131],
       [ 0.19231131,  0.03846305]]), array([[ 0.00577388, -0.03348787],
       [ 0.03348787,  0.00577388]]), array([[ 0.00873311, -0.06550027],
       [ 0.06550027,  0.00873311]]), array([[ 0.04109512, -0.10958816],
       [ 0.10958816,  0.04109512]]), array([[ 0. ,  0.5],
       [-0.5, -0. ]]), array([[ 0.1000019 , -0.30000253],
       [ 0.30000253,  0.1000019 ]]), array([[ 0.01538339, -0.12307211],
       [ 0.12307211,  0.01538339]]), array([[ 0.02702756, -0.16216372],
       [ 0.16216372,  0.02702756]])], [[1 1]
[0 1], [  139    18]
[-1058  -137], [  21    4]
[-100  -19], [  291    50]
[-1682  -289], [  181    24]
[-1350  -179], [  73   27]
[-192  -71], [  1   0]
[-10   1], [  37   12]
[-108  -35], [  57    7]
[-448  -55], [  43    7]
[-252  -41]], [array([[1],
       [0]]), array([[ 1.        ],
       [-7.66666667]]), array([[ 1],
       [-5]]), array([[ 1. ],
       [-5.8]]), array([[ 1. ],
       [-7.5]]), array([[ 1.        ],
       [-2.66666667]]), array([[0],
       [1]]), array([[ 1],
       [-3]]), array([[ 1],
       [-8]]), array([[ 1],
       [-6]])])]